5.63
14.20
11.38
6.48
7.25
8.72
15.48
16.57
5.10
18.73
17.80
12.87
15.13
14.80
16.26
4.72
9.60
16.67
19.39
18.80
7.37
12.76
19.22
14.50
16.40
17.04
15.09
5.59
11.71
10.62
10.21
7.52
12.20
5.74
12.28
10.71
17.30
13.56
7.76
7.88
8.82
6.76
19.81
15.95
19.65
15.23
18.94
19.43
18.29
7.54
8.31
7.31
13.21
11.53
8.97
5.76
15.27
16.44
5.47
16.01
15.26
13.15
18.54
4.59
6.99
12.51
8.50
11.72
4.00
6.47
5.19
13.04
8.03
8.84
5.22
16.42
11.62
5.26
11.80
6.79
14.19
11.48
13.40
17.54
19.62
5.40
19.96
12.01
10.48
4.50
18.10
6.52
18.39
17.12
8.51
4.43
4.61
5.63
10.02
14.49
10.12
14.92
14.59
16.18
10.21
19.73
11.53
16.28
13.19
17.39
9.34
4.94
15.22
18.64
9.92
11.38
17.37
19.19
10.98
7.88
14.33
6.15
12.34
8.87
11.35
4.76
11.50
7.86
10.11
17.46
9.53
8.36
19.68
13.16
4.03
8.89
8.06
13.58
19.17
14.35
6.26
16.48
17.27
14.18
18.86
11.88
10.30
17.60
4.47
10.87
11.54
9.72
18.97
14.83
12.66
8.45
11.00
7.11
15.08
6.87
4.60
18.84
6.25
13.83
4.91
11.62
7.98
6.05
5.38
11.85
11.10
16.99
19.82
8.53
6.84
10.19
17.26
6.82
5.18
19.21
16.28
9.18
19.36
9.49
10.41
18.13
19.65
19.47
10.34
7.45
7.27
14.54
13.42
16.18
13.63
16.34
11.80
12.46
5.84
12.46
